070018
110214
020325
220110
170189
040322
220357
210236
070348
110057
100246
090141
090282
150249
200174
110353
070067
210181
020373
020234
210031
020201
090260
020293
090250
220239
090201
220223
070260
190210
210111
030053
170308
110265
220142
200058
070045
020386
020418
020078
070205
090057
140309
110250
020331
110298
110445
170288
170325
110092
070157
070361
070143
090438
040053
220385
150309
140249
020486
110346
110028
220137
070143
020078
210181
120176
070348
110087
090201
020201
020234
170180
070018
070067
090141
110057
020587
170631
020576
140447
110028
220098
020078
140309
210031
090201
070067
220110
220223
020201
110353
020177
170189
030053
170180
170288
020325
020386
110239
020373
150249
020146
020331
110087
210429
070260
200058
090250
190210
200174
220239
090438
110298
140249
020293
090282
070143
020188
210111
110265
090108
110214
120176
170308
070045
210236
110057
020234
110250
110346
070205
220137
110092
210407
020294
100400
070157
220266
020418
140161
090057
110276
210181
140372
030349
220403
220171
090204
070404
090141
040053
220420
070045
070045
070045
070045
070045
070045
080015
210011
140021
210040
140047
140062
050067
030115
060055
080145
140133
100130
220160
020221
210183
080187
090214
140210
090233
090264
120316
110279
080015
210011
140021
210040
140047
140062
050067
030115
060055
080145
110172
020238
190223
020328
210408
110514
220576
110695
170775
110172
020238
190223
020328
210408
110514
220576
110695
170775
