170005
070018
070025
110028
070045
030053
210031
070067
110057
090057
020078
200058
040053
110087
220098
110092
220110
150082
210111
090108
070143
020146
070157
220137
220142
090141
020177
020188
120176
220171
020201
140161
210181
110169
070205
170180
020234
170189
090201
090204
220223
190210
110214
200174
210236
020293
020294
220239
070260
090250
090260
110239
020325
220266
100246
110250
090282
140249
020331
110265
110276
170288
150249
020373
070348
110298
020386
140309
170308
070361
220357
170325
020418
020419
040322
020434
110346
220385
020443
110353
210384
070404
220403
030315
230298
150309
020486
140372
220420
020506
120469
210407
100400
090438
030349
110405
210429
220441
100414
150346
090466
110427
020561
140447
070475
020576
110445
070478
020583
020587
110457
020593
210473
090504
070493
090517
020627
020634
140498
140502
110499
140508
090555
110516
090560
020675
090562
170524
020689
040515
070564
200458
140568
220614
140575
020739
220628
110586
220637
020759
090653
070637
200502
170631
100594
020788
110618
050495
090729
020837
220768
020871
020876
090797
020886
140786
110727
110730
180878
110732
150637
220822
220829
070850
