200001
220007
020007
140015
140045
070066
020070
020072
200053
110091
090111
020198
140152
020208
020215
020224
100185
020268
020272
110225
070267
070272
030204
170246
110257
100261
120364
020377
020412
040332
020449
220413
210401
140375
090428
140379
140380
210418
020545
220459
020548
020562
200352
020596
020624
140501
210511
090553
020682
220570
020684
140536
220579
110540
140537
110542
070559
110567
210616
220640
170610
140608
020773
090668
170636
110620
210692
110647
220729
020838
100659
200589
020859
020891
020900
020907
070812
170776
220812
