100009
170009
090008
100019
170030
020039
140031
090046
110053
020056
140057
220056
110059
020075
020079
020084
210099
020133
030114
110124
210149
110137
020175
020202
020217
110172
020231
190187
020238
170195
170202
020273
070250
190223
020287
020305
020307
020308
020317
020318
020328
020335
090315
170301
110300
020391
090358
110311
020401
020427
020430
090398
220378
070405
020464
020477
090419
090420
020482
020495
020498
090426
030334
210408
110395
100401
100402
110411
170414
110432
170432
020590
020613
110467
090519
020637
020642
200391
090533
100481
090550
110514
030464
220576
020692
020718
170578
020731
070613
110579
020801
110629
170661
210675
070692
110638
110642
090726
140711
090766
170735
020870
020873
110695
170775
170788
220833
220836
