140005
140022
020040
020052
070064
170072
110083
220099
170098
110088
070115
110098
110113
140109
020141
020153
070153
020178
090143
020182
020184
150136
120185
220177
020226
110184
110198
020250
090203
100197
090224
140212
210249
140232
020326
020334
140253
120319
220293
170267
090305
090309
020356
020357
110280
220320
210315
140301
090348
020382
110301
100316
150269
220353
210348
100349
020422
020423
070384
070386
070387
170349
150295
110357
090408
020455
230302
210402
140400
140402
210437
170408
220462
040417
170437
070488
170464
200387
110490
020657
210513
090545
020673
220574
140540
090596
090603
020705
170592
110573
220624
140583
070619
210643
020784
170639
110614
210657
070665
140653
100614
090712
210686
200559
140677
090732
090748
170713
220765
110684
110691
230541
210766
170749
140760
070793
020889
220788
090812
070811
110740
