090002
120007
020006
210005
110018
020030
140030
070104
170088
140078
220087
170093
100072
090085
200081
110097
080091
090101
070137
210140
020155
110129
220157
140143
140149
020197
100149
140154
020213
110173
070209
100163
020232
090191
140182
020253
140194
100209
140206
100225
100228
020303
020313
140241
020330
110270
020360
020371
140302
110299
020384
170311
140321
210349
170342
020440
020454
230294
100383
070421
070422
030383
170428
070477
020577
110453
090497
200368
110489
090541
170497
070529
210525
170512
170519
070562
210581
110566
140577
150474
070606
140586
170608
070631
090649
020755
020758
210628
220670
090675
070659
090681
170648
020799
140664
020834
150558
100666
020858
020863
170755
020897
110719
120861
140797
110731
150636
090826
