110004
140003
110011
220034
110031
140026
100056
170086
140095
140096
070128
140097
020122
020183
050119
140150
140160
020220
110177
020233
110212
070248
090234
020296
210254
020319
020322
090271
070287
070288
170252
070298
020345
090299
210291
070316
230233
020385
020424
020429
130380
100362
090400
020456
040353
020472
040371
020494
020502
110418
190407
020557
220480
070465
070466
150365
140453
170439
110456
020594
020607
220504
110476
170467
140492
020639
020649
020664
020666
220545
090549
070541
220565
170540
110553
170551
100526
140555
140556
220619
020735
020745
090651
070647
120701
020775
070653
110612
140633
220694
220716
220727
210723
070730
170707
140718
110679
020868
210755
170745
110698
170751
200613
110713
100694
030593
220803
220806
210814
200642
140803
020928
220825
220830
090834
070833
070848
