090005
130032
100025
070037
030039
170042
020044
090032
210034
150049
070076
170127
090121
020166
110149
020181
020200
110164
020269
110213
090223
110223
020299
020309
090268
220260
110259
220291
170278
060177
020398
020433
210364
110358
200282
070408
140362
220412
230311
020520
200304
110424
020574
110448
020617
070496
020632
170492
220547
110513
090554
170521
140529
020687
090582
150436
020720
170577
110571
020744
020756
110597
220653
110605
210639
120718
020814
220708
040620
140674
100630
070724
140720
170720
070743
220757
090774
110680
090795
030583
140782
070809
140790
020931
140815
020948
110754
