090001
090002
090003
090004
090005
090006
090007
090008
090009
090010
090011
090012
090013
090014
090015
090016
090017
090018
090019
090020
090021
090022
090023
090024
090025
090026
090027
090028
090029
090030
090031
090032
090033
090034
090035
090036
090037
090038
090039
090040
090041
090042
090043
090044
090045
090046
090047
090048
090049
090050
090051
090052
090053
090054
090055
090056
090057
090058
090059
090060
090061
090062
090063
090064
090065
090066
090067
090068
090069
090070
090071
090072
090073
090074
090075
090076
090077
090078
090079
090080
090081
090082
090083
090084
090085
090086
090087
090088
090089
090090
090091
090092
090093
090094
090095
090096
090097
090098
090099
090100
090101
090102
090103
090104
090105
090106
090107
090108
090109
090110
090111
090112
090113
090114
090115
090116
090117
090118
090119
090120
090121
090122
090123
090124
090125
090126
090127
090128
090129
090130
090131
090132
090133
090134
090135
090136
090137
090138
090139
090140
090141
090142
090143
090144
090145
090146
090147
090148
090149
090150
090151
090152
090153
090154
090155
090156
090157
090158
090159
090160
090161
090162
090163
090164
090165
090166
090167
090168
090169
090170
090171
090172
090173
090174
090175
090176
090177
090178
090179
090180
090181
090182
090183
090184
090185
090186
090187
090188
090189
090190
090191
090192
090193
090194
090195
090196
090197
090198
090199
090200
090201
090202
090203
090204
090205
090206
090207
090208
090209
090210
090211
090212
090213
090214
090215
090216
090217
090218
090219
090220
090221
090222
090223
090224
090225
090226
090227
090228
090229
090230
090231
090232
090233
090234
090235
090236
090237
090238
090239
090240
090241
090242
090243
090244
090245
090246
090247
090248
090249
090250
090251
090252
090253
090254
090255
090256
090257
090258
090259
090260
090261
090262
090263
090264
090265
090266
090267
090268
090269
090270
090271
090272
090273
090274
090275
090276
090277
090278
090279
090280
090281
090282
090283
090284
090285
090286
090287
090288
090289
090290
090291
090292
090293
090294
090295
090296
090297
090298
090299
090300
090301
090302
090303
090304
090305
090306
090307
090308
090309
090310
090311
090312
090313
090314
090315
090316
090317
090318
090319
090320
090321
090322
090323
090324
090325
090326
090327
090328
090329
090330
090331
090332
090333
090334
090335
090336
090337
090338
090339
090340
090341
090342
090343
090344
090345
090346
090347
090348
090349
090350
090351
090352
090353
090354
090355
090356
090357
090358
090359
090360
090361
090362
090363
090364
090365
090366
090367
090368
090369
090370
090371
090372
090373
090374
090375
090376
090377
090378
090379
090380
090381
090382
090383
090384
090385
090386
090387
090388
090389
090390
090391
090392
090393
090394
090395
090396
090397
090398
090399
090400
090401
090402
090403
090404
090405
090406
090407
090408
090409
090410
090411
090412
090413
090414
090415
090416
090417
090418
090419
090420
090421
090422
090423
090424
090425
090426
090427
090428
090429
090430
090431
090432
090433
090434
090435
090436
090437
090438
090439
090440
090441
090442
090443
090444
090445
090446
090447
090448
090449
090450
090451
090452
090453
090454
090455
090456
090457
090458
090459
090460
090461
090462
090463
090464
090465
090466
090467
090468
090469
090470
090471
090472
090473
090474
090475
090476
090477
090478
090479
090480
090481
090482
090483
090484
090485
090486
090487
090488
090489
090490
090491
090492
090493
090494
090495
090496
090497
090498
090499
090500
090501
090502
090503
090504
090505
090506
090507
090508
090509
090510
090511
090512
090513
090514
090515
090516
090517
090518
090519
090520
090521
090522
090523
090524
090525
090526
090527
090528
090529
090530
090531
090532
090533
090534
090535
090536
090537
090538
090539
090540
090541
090542
090543
090544
090545
090546
090547
090548
090549
090550
090551
090552
090553
090554
090555
090556
090557
090558
090559
090560
090561
090562
090563
090564
090565
090566
090567
090568
090569
090570
090571
090572
090573
090574
090575
090576
090577
090578
090579
090580
090581
090582
090583
090584
090585
090586
090587
090588
090589
090590
090591
090592
090593
090594
090595
090596
090597
090598
090599
090600
090601
090602
090603
090604
090605
090606
090607
090608
090609
090610
090611
090612
090613
090614
090615
090616
090617
090618
090619
090620
090621
090622
090623
090624
090625
090626
090627
090628
090629
090630
090631
090632
090633
090634
090635
090636
090637
090638
090639
090640
090641
090642
090643
090644
090645
090646
090647
090648
090649
090650
090651
090652
090653
090654
090655
090656
090657
090658
090659
090660
090661
090662
090663
090664
090665
090666
090667
090668
090669
090670
090671
090672
090673
090674
090675
090676
090677
090678
090679
090680
090681
090682
090683
090684
090685
090686
090687
090688
090689
090690
090691
090692
090693
090694
090695
090696
090697
090698
090699
090700
090701
090702
090703
090704
090705
090706
090707
090708
090709
090710
090711
090712
090713
090714
090715
090716
090717
090718
090719
090720
090721
090722
090723
090724
090725
090726
090727
090728
090729
090730
090731
090732
090733
090734
090735
090736
090737
090738
090739
090740
090741
090742
090743
090744
090745
090746
090747
090748
090749
090750
090751
090752
090753
090754
090755
090756
090757
090758
090759
090760
090761
090762
090763
090764
090765
090766
090767
090768
090769
090770
090771
090772
090773
090774
090775
090776
090777
090778
090779
090780
090781
090782
090783
090784
090785
090786
090787
090788
090789
090790
090791
090792
090793
090794
090795
090796
090797
090798
090799
090800
090801
090802
090803
090804
090805
090806
090807
090808
090809
090810
090811
090812
090813
090814
090815
090816
090817
090818
090819
090820
090821
090822
090823
090824
