020005
070005
070010
070011
110020
170022
020032
020033
070033
020041
090031
200031
210057
090058
100063
020099
090090
070120
020105
090092
090100
020110
020127
100100
020152
020156
070160
140128
040096
070175
020179
110156
210167
020195
100146
200126
090167
020212
110162
090178
020227
020228
140173
020240
020249
020251
090207
020254
090218
090227
190230
140229
070268
170254
100253
020340
070306
140268
020344
100263
070315
020355
020359
140287
020366
020367
020378
090346
020383
020393
020402
210351
110331
100356
020426
170339
110338
020428
090392
210367
210379
020460
020466
090412
020469
090415
070414
140385
210410
100397
020519
200312
020544
100413
090458
110431
170422
020568
090494
140456
070481
110454
200360
150381
210491
020616
020618
020628
090524
020643
090529
090532
170514
020671
020674
070553
210568
090592
110550
200445
020698
040529
020704
020723
110568
020729
220626
090636
110581
130659
020753
090652
200499
020764
100577
090662
200512
020780
020789
140655
110634
110636
090713
020821
090724
020833
090743
220737
110661
090756
090757
020862
020875
090798
040699
170761
110715
020899
100696
030600
200641
100708
020925
140806
170796
090827
020930
