020003
190002
090003
020013
020024
230012
060008
140023
090029
150027
060019
020057
070068
020058
020061
210074
220069
080064
100062
070106
220104
020100
150086
020116
100095
210139
170129
210147
100109
090130
170139
020176
070176
140141
150126
020192
070188
040116
090161
080173
140153
210185
070208
200141
210190
060095
220197
110188
020237
210204
140185
120244
110204
070240
020276
070256
210246
140224
090267
170239
170247
100251
220271
090292
070302
220296
070336
160182
090320
070339
130337
170319
110322
170326
110325
140320
140323
100354
110335
070382
170345
110347
220379
110351
080423
210366
040338
050268
020444
200274
050274
220398
020463
170358
070406
020467
020476
210397
030351
020535
200309
220452
070459
150355
210462
020578
140466
020598
140468
170444
020606
150380
090510
070490
110477
020623
070497
110485
090535
110508
170505
170517
110523
220563
110544
170546
110548
020695
090605
090607
210588
140563
070593
020727
020732
090628
070609
210615
070615
170601
110596
020767
020776
070651
200514
140617
110613
090682
050492
060392
200533
070677
200540
220700
110635
140671
170676
210697
070727
220736
220752
090763
020850
070749
110670
060433
220766
090783
220767
170739
090784
210761
030577
140752
200606
090794
070782
070783
090804
150612
140778
020898
100695
110722
220810
170791
090823
020926
