090001
170004
020009
020011
020025
020031
170040
100030
020042
020045
070049
070073
020074
090074
140077
020093
170104
070127
020118
110110
070145
170123
020171
020174
140136
210180
100168
020239
020270
020271
140203
020278
120264
220236
020291
210250
020311
210269
020349
220302
020354
100293
100295
110294
020379
110307
070367
020400
070372
100338
020407
200266
090377
020425
090394
020442
140334
170357
020461
040355
190365
020484
070417
070418
090427
020513
110392
020522
090439
020530
070445
030365
090456
090468
220467
140449
020581
020611
020612
110473
090520
020651
020656
050382
040486
070539
130573
020679
090569
110536
020707
110556
140562
090614
200472
200475
020743
110587
020771
170629
070655
090673
090684
140630
090686
200536
070690
020816
080767
220723
020828
090737
020830
020831
170708
140738
020857
020884
170756
020894
090813
020895
110717
070810
160467
110726
020913
210818
090832
090840
090842
030626
070840
