110002
030006
220009
100011
020012
090009
080015
220020
020016
210011
020026
070024
140021
130038
210029
020046
200027
220043
020051
210040
140041
100042
140047
070069
070070
140062
070085
020076
200060
020089
050067
020114
070132
020117
020124
020125
020126
110107
090105
020139
030115
020149
060055
070154
220141
220140
080145
200109
100118
140133
110144
100130
220154
220160
090165
220176
090173
020216
040134
020221
210183
080187
070243
090214
020274
020275
190218
020277
040179
070249
140210
090233
170213
020285
200182
070257
030193
200189
070269
230185
030200
090264
110237
150198
100236
150213
070293
220274
140251
090289
110255
170258
120316
200223
070303
110279
080352
100298
080372
110305
020396
020397
040293
070366
020399
090365
110315
020410
020411
020416
110328
160210
090385
110332
210355
080427
210380
220391
070401
200281
020473
020474
020475
020479
170369
020487
100385
060241
020493
140374
030331
020509
090430
030335
020516
020514
200297
200298
020518
170388
020525
020526
170397
110409
090452
020552
100427
220468
020560
140434
140448
030391
080543
020582
120540
020591
020601
020604
090502
220503
110463
070486
050357
040449
140490
020620
170469
220528
070506
070507
170484
020653
140507
060317
220538
220541
050390
140515
170513
020676
100509
090565
110529
070545
090568
210549
220568
020681
220571
090581
100513
110543
090589
200452
070571
090612
140561
020719
110562
210599
170587
020750
020751
050455
020765
020772
220667
090670
110606
020779
020782
020786
110616
020791
090685
220687
170651
220692
220693
090706
020813
070694
170667
190643
090714
050518
220712
090719
200561
220719
090728
220722
070715
200571
110658
060420
220747
090749
020840
020841
020845
090759
110666
170723
140732
100665
140739
020860
020861
220771
220772
220781
100683
070798
070804
020903
020905
020910
140785
190736
110725
080883
210817
210824
110744
020936
110747
030617
020940
090836
110749
020945
090846
050615
020952
030630
